5 15 3 3
R 0 2 3 4
R 2 2 3 4
R 2 3 4 1
W 3 5 1 2 3 4 5
R 5 1 2 3
R 6 2 3 5
W 6 3 2 4 5
R 8 1 2 3
R 9 1 2 3
R 10 1 2 3
R 12 1 2 3
R 15 3 2 3 1
R 20 1 2 5

...

5 7 3 3
R 0 2 3 4
R 2 2 3 4
R 2 3 4 1
W 3 5 1 2 3 4 5
R 5 1 2 3
R 6 2 3 5
W 6 3 2 4 5
...前七个测试完成

5 8 3 3
R 0 2 3 4
R 2 2 3 4
R 2 3 4 1
W 3 5 1 2 3 4 5
R 5 1 2 3
R 6 2 3 5
W 6 3 2 4 5
R 8 1 2 3
前八个测试完成

5 9 3 3
R 0 2 3 4
R 2 2 3 4
R 2 3 4 1
W 3 5 1 2 3 4 5
R 5 1 2 3
R 6 2 3 5
W 6 3 2 4 5
R 8 1 2 3
R 9 1 2 3
前九个测试完成

5 11 3 3
R 0 2 3 4
R 2 2 3 4
R 2 3 4 1
W 3 5 1 2 3 4 5
R 5 1 2 3
R 6 2 3 5
W 6 3 2 4 5
R 8 1 2 3
R 9 1 2 3
R 10 1 2 3
R 12 1 2 3   
前十一个测试完毕

5 13 3 3
R 0 2 3 4
R 2 2 3 4
R 2 3 4 1
W 3 5 1 2 3 4 5
R 5 1 2 3
R 6 2 3 5
W 6 3 2 4 5
R 8 1 2 3
R 9 1 2 3
R 10 1 2 3
R 12 1 2 3
R 15 3 2 3 1
R 20 1 2 5

